        0  0.3660772940    0.3567050525      0.3792829158
        1  0.8939251994    0.7038743888      1.1412599719
        2  1.1977164712    1.1330952139      1.2598998694
        3  0.9626995151    0.8459599864      1.0989476746
        4  1.1209761083    1.0196484595      1.2501083875
        5  1.1648591419    1.0490777210      1.2808861883
        6  0.7955991706    0.7257204985      0.9201977677
        7  0.4958243529    0.3477581537      0.7678023565
        8  0.7421820185    0.5005834019      1.0927007866
        9  0.8788561815    0.6030520679      1.3375897891
       10  0.9642318367    0.6322033464      1.4864351784
       11  1.0724988796    0.7328485783      1.5284376427
       12  1.1253355170    0.8277786804      1.4979184682
       13  1.1760271803    0.9125071373      1.5010457029
       14  1.2020826267    0.9599188309      1.4973850229
       15  1.2076435667    0.9884812080      1.4437781261
       16  1.2001763085    1.0244181832      1.3678802764
       17  1.1826818267    1.0528200130      1.2989753094
       18  1.1439985284    1.0510379935      1.2273569290
       19  1.0966324800    1.0272917127      1.1657114507
       20  1.0656023142    1.0055908983      1.1254446985
       21  1.0511663599    0.9979898833      1.0905965154
       22  1.0515997282    1.0149289482      1.0640570985
       23  1.0506303791    1.0375236571      1.0399501140
       24  1.0498618052    1.0581168136      1.0192269794
       25  1.0581728768    1.0854986564      1.0060144539
       26  1.0721551736    1.1206708997      0.9969469632
       27  1.0830298194    1.1550820431      0.9848511241
       28  1.0956934816    1.1924995653      0.9728045045
       29  1.1078708343    1.2314460363      0.9565081669
       30  1.0946211142    1.2462690976      0.9146169889
       31  1.0826197674    1.2678437165      0.8721700183
       32  1.0412470119    1.2590249263      0.8070379763
       33  0.9857518178    1.2337326060      0.7341896844
       34  0.9108074839    1.1814939602      0.6509519567
       35  0.8209225501    1.1047766600      0.5613227428
       36  0.7167870692    1.0023949484      0.4663246047
       37  0.6100130799    0.8894037060      0.3744929985
       38  0.5031181822    0.7690710747      0.2884996647
       39  0.4048414792    0.6538615125      0.2144689323
       40  0.3091953015    0.5324986665      0.1497099483
       41  0.2279203096    0.4225929251      0.0998655405
       42  0.1636897478    0.3298012254      0.0643259812
       43  0.1131798866    0.2499360606      0.0395743974
       44  0.0773004738    0.1885542349      0.0238811292
       45  0.0509220827    0.1381535564      0.0138158206
       46  0.0318935647    0.0968359880      0.0075629732
       47  0.0200935533    0.0686432090      0.0041536831
       48  0.0122630917    0.0473416858      0.0022142328
       49  0.0074264608    0.0324881557      0.0011860878
       50  0.0043802801    0.0217050259      0.0006423701
       51  0.0026077680    0.0145288365      0.0003838785
       52  0.0015659946    0.0095843731      0.0002727436
       53  0.0009713583    0.0061676170      0.0002433084
       54  0.0007292056    0.0042774675      0.0002896195
       55  0.0006727091    0.0030705558      0.0003957649
       56  0.0007304587    0.0022415390      0.0005439350
       57  0.0009487910    0.0019225352      0.0007827703
       58  0.0013553331    0.0020229298      0.0011513088
       59  0.0018941913    0.0023973844      0.0016039459
       60  0.0030824389    0.0036515393      0.0025679466
       61  0.0040966503    0.0047784873      0.0033398446
       62  0.0048744933    0.0057248081      0.0038796335
       63  0.0052560597    0.0062735022      0.0040786553
       64  0.0057849805    0.0070453635      0.0043728151
       65  0.0055146784    0.0068659192      0.0040574614
       66  0.0050004571    0.0063714655      0.0035786253
       67  0.0044098280    0.0057549380      0.0030676608
       68  0.0040122432    0.0053663718      0.0027112065
       69  0.0035475434    0.0048658631      0.0023270440
       70  0.0031075067    0.0043735956      0.0019774372
       71  0.0027021094    0.0039045970      0.0016669383
       72  0.0023369144    0.0034690764      0.0013966813
       73  0.0020252899    0.0030903427      0.0011719021
       74  0.0017232815    0.0027044229      0.0009647645
